1	169437
2	660501
3	789482
4	659866
5	388506
6	269594
7	224021
8	150792
9	110490
10	66053
11	29911
12	15213
13	6531
14	2346
15	724
16	171
17	69
18	20
19	4
20	1
27	1
1	****************
2	***********************************************************
3	***********************************************************************
4	***********************************************************
5	***********************************
6	************************
7	********************
8	**************
9	**********
10	******
11	***
12	**
13	*
14	*
15	*
16	*
17	*
18	*
19	*
20	*
27	*
